
1.720550554530428648e+09,7.278158879773915402e+00,2.226649605202137749e+01,7.278158879773915402e+00,2.226649605202137749e+01

1.720550576556431293e+09,7.278176249807730258e+00,2.226646427947907014e+01,7.278176249807730258e+00,2.226646427947907014e+01

1.720550602585074425e+09,7.278196770361471835e+00,2.226642674358261687e+01,7.278196770361471835e+00,2.226642674358261687e+01

1.720550626610254288e+09,7.278215711844804758e+00,2.226639209556573107e+01,7.278215711844804758e+00,2.226639209556573107e+01

1.720550652638165474e+09,7.278236232075980361e+00,2.226635455910471251e+01,7.278236232075980361e+00,2.226635455910471251e+01

1.720550678666202784e+09,7.278256752329848922e+00,2.226631702200176477e+01,7.278256752329848922e+00,2.226631702200176477e+01

1.720550702694401741e+09,7.278275694927438977e+00,2.226628237032658220e+01,7.278275694927438977e+00,2.226628237032658220e+01

1.720550726723060131e+09,7.278294638306218367e+00,2.226624771671071201e+01,7.278294638306218367e+00,2.226624771671071201e+01

1.720550750748812199e+09,7.278313581113635244e+00,2.226621306362839547e+01,7.278313581113635244e+00,2.226621306362839547e+01

1.720550774778262377e+09,7.278332524505850998e+00,2.226617840896460621e+01,7.278332524505850998e+00,2.226617840896460621e+01

1.720550796804104805e+09,7.278349889637079961e+00,2.226614664109047581e+01,7.278349889637079961e+00,2.226614664109047581e+01

1.720550818829048872e+09,7.278367254587629454e+00,2.226611487311692983e+01,7.278367254587629454e+00,2.226611487311692983e+01
