
1.715013621375107288e+09,2.922050463628831807e+00,1.670968746679367811e+01,2.922050463628831807e+00,1.670968746679367811e+01

1.715013623380032063e+09,2.922051966993276295e+00,1.670969393665898650e+01,2.922051966993276295e+00,1.670969393665898650e+01

1.715013645404329300e+09,2.922068427663533363e+00,1.670976477645847069e+01,2.922068427663533363e+00,1.670976477645847069e+01

1.715013647408306837e+09,2.922069925408170565e+00,1.670977122210410215e+01,2.922069925408170565e+00,1.670977122210410215e+01

1.715013649413162708e+09,2.922071423726022577e+00,1.670977767021373239e+01,2.922071423726022577e+00,1.670977767021373239e+01

1.715013651416323900e+09,2.922072920912412108e+00,1.670978411345118175e+01,2.922072920912412108e+00,1.670978411345118175e+01

1.715013653420400620e+09,2.922074418649834193e+00,1.670979055905718269e+01,2.922074418649834193e+00,1.670979055905718269e+01

1.715013655425136805e+09,2.922075916944800511e+00,1.670979700705973769e+01,2.922075916944800511e+00,1.670979700705973769e+01

1.715013657431113243e+09,2.922077415344401796e+00,1.670980345550972856e+01,2.922077415344401796e+00,1.670980345550972856e+01

1.715013659435972691e+09,2.922078914596973220e+00,1.670980990762765828e+01,2.922078914596973220e+00,1.670980990762765828e+01

1.715013661440320730e+09,2.922080412630584156e+00,1.670981635449686564e+01,2.922080412630584156e+00,1.670981635449686564e+01

1.715013663444615602e+09,2.922081910426688189e+00,1.670982280034107603e+01,2.922081910426688189e+00,1.670982280034107603e+01

1.715013665450425625e+09,2.922083408305024665e+00,1.670982924653632296e+01,2.922083408305024665e+00,1.670982924653632296e+01

1.715013667455324411e+09,2.922084908037718698e+00,1.670983570070902147e+01,2.922084908037718698e+00,1.670983570070902147e+01

1.715013669460133553e+09,2.922086406452888419e+00,1.670984214920882494e+01,2.922086406452888419e+00,1.670984214920882494e+01

1.715013671464561462e+09,2.922087904411503789e+00,1.670984859574096504e+01,2.922087904411503789e+00,1.670984859574096504e+01

1.715013673468371630e+09,2.922089402119800283e+00,1.670985504119297360e+01,2.922089402119800283e+00,1.670985504119297360e+01

1.715013675472434998e+09,2.922090899875236847e+00,1.670986148684499994e+01,2.922090899875236847e+00,1.670986148684499994e+01

1.715013677478639364e+09,2.922092398315392359e+00,1.670986793544088300e+01,2.922092398315392359e+00,1.670986793544088300e+01

1.715013679483679771e+09,2.922093897694285847e+00,1.670987438807376080e+01,2.922093897694285847e+00,1.670987438807376080e+01

1.715013681488603115e+09,2.922095396124252176e+00,1.670988083662006574e+01,2.922095396124252176e+00,1.670988083662006574e+01

1.715013683492384434e+09,2.922096893866588108e+00,1.670988728220424946e+01,2.922096893866588108e+00,1.670988728220424946e+01

1.715013685496678114e+09,2.922098391616480662e+00,1.670989372781809479e+01,2.922098391616480662e+00,1.670989372781809479e+01

1.715013687500518084e+09,2.922099889379897952e+00,1.670990017348728429e+01,2.922099889379897952e+00,1.670990017348728429e+01

1.715013689504328012e+09,2.922101387129209638e+00,1.670990661909290154e+01,2.922101387129209638e+00,1.670990661909290154e+01

1.715013691508180618e+09,2.922102884868262418e+00,1.670991306465151283e+01,2.922102884868262418e+00,1.670991306465151283e+01

1.715013693512924671e+09,2.922104383088571122e+00,1.670991951227836125e+01,2.922104383088571122e+00,1.670991951227836125e+01

1.715013695517332315e+09,2.922105880409889167e+00,1.670992595603351205e+01,2.922105880409889167e+00,1.670992595603351205e+01

1.715013697522079229e+09,2.922107378147599022e+00,1.670993240157774906e+01,2.922107378147599022e+00,1.670993240157774906e+01

1.715013699525653839e+09,2.922108876774755615e+00,1.670993885094688025e+01,2.922108876774755615e+00,1.670993885094688025e+01
