
1.711031928821154118e+09,6.933304739356031809e-02,4.505747638591446891e-01,6.933304739356031809e-02,4.505747638591446891e-01

1.711031930863703966e+09,6.933481428411487901e-02,4.505862494669918838e-01,6.933481428411487901e-02,4.505862494669918838e-01

1.711031932869221926e+09,6.933622312199429205e-02,4.505954075663351488e-01,6.933622312199429205e-02,4.505954075663351488e-01

1.711031934875162363e+09,6.933763286289067185e-02,4.506045715356195025e-01,6.933763286289067185e-02,4.506045715356195025e-01

1.711031936879884720e+09,6.933904238869584291e-02,4.506137341066228652e-01,6.933904238869584291e-02,4.506137341066228652e-01

1.711031938883819342e+09,6.934045064480086340e-02,4.506228884238992483e-01,6.934045064480086340e-02,4.506228884238992483e-01

1.711031940887953758e+09,6.934185890430072385e-02,4.506320427631549941e-01,6.934185890430072385e-02,4.506320427631549941e-01

1.711031942892031431e+09,6.934326715395311425e-02,4.506411970383098486e-01,6.934326715395311425e-02,4.506411970383098486e-01

1.711031944897095203e+09,6.934467543950205426e-02,4.506503515467210064e-01,6.934467543950205426e-02,4.506503515467210064e-01

1.711031946900119543e+09,6.934608370537254096e-02,4.506595059271248371e-01,6.934608370537254096e-02,4.506595059271248371e-01

1.711031948903887987e+09,6.934749194364085711e-02,4.506686601280138205e-01,6.934749194364085711e-02,4.506686601280138205e-01

1.711031950907882929e+09,6.934890016162884030e-02,4.506778141969833840e-01,6.934890016162884030e-02,4.506778141969833840e-01

1.711031952911889315e+09,6.935030841621563080e-02,4.506869685037738216e-01,6.935030841621563080e-02,4.506869685037738216e-01

1.711031954916014433e+09,6.935171666717458716e-02,4.506961227868938602e-01,6.935171666717458716e-02,4.506961227868938602e-01

1.711031956920029879e+09,6.935312491671306867e-02,4.507052770606922443e-01,6.935312491671306867e-02,4.507052770606922443e-01

1.711031958924916267e+09,6.935453321679350969e-02,4.507144316629484448e-01,6.935453321679350969e-02,4.507144316629484448e-01

1.711031960927977562e+09,6.935594142988477095e-02,4.507235856996468781e-01,6.935594142988477095e-02,4.507235856996468781e-01

1.711031962933622599e+09,6.935734971659071602e-02,4.507327402147868201e-01,6.935734971659071602e-02,4.507327402147868201e-01

1.711031964938692808e+09,6.935875971735795675e-02,4.507419058720296134e-01,6.935875971735795675e-02,4.507419058720296134e-01

1.711031966943672419e+09,6.936016866179441076e-02,4.507510646625461082e-01,6.936016866179441076e-02,4.507510646625461082e-01

1.711031968947990417e+09,6.936157723093838712e-02,4.507602210133991316e-01,6.936157723093838712e-02,4.507602210133991316e-01

1.711031970953385830e+09,6.936298554777367564e-02,4.507693757240414101e-01,6.936298554777367564e-02,4.507693757240414101e-01

1.711031972958416700e+09,6.936439534473634594e-02,4.507785400561079570e-01,6.936439534473634594e-02,4.507785400561079570e-01

1.711031974963457823e+09,6.936580431860034368e-02,4.507876990375639936e-01,6.936580431860034368e-02,4.507876990375639936e-01

1.711031976968189716e+09,6.936721307536715397e-02,4.507968566077003580e-01,6.936721307536715397e-02,4.507968566077003580e-01

1.711031978972068310e+09,6.936862134308306727e-02,4.508060109986912756e-01,6.936862134308306727e-02,4.508060109986912756e-01

1.711031980978549719e+09,6.937002962833807573e-02,4.508151655036068406e-01,6.937002962833807573e-02,4.508151655036068406e-01

1.711031982984059095e+09,6.937144037088605053e-02,4.508243359819734120e-01,6.937144037088605053e-02,4.508243359819734120e-01

1.711031984988092184e+09,6.937284890127752568e-02,4.508334920802131718e-01,6.937284890127752568e-02,4.508334920802131718e-01

1.711031986993853807e+09,6.937425775065361733e-02,4.508426502519114476e-01,6.937425775065361733e-02,4.508426502519114476e-01

1.711031988999868155e+09,6.937566733933249463e-02,4.508518132293314884e-01,6.937566733933249463e-02,4.508518132293314884e-01

1.711031991004009724e+09,6.937707644949367425e-02,4.508609730960772000e-01,6.937707644949367425e-02,4.508609730960772000e-01

1.711031993007867098e+09,6.937848468198541674e-02,4.508701272574785479e-01,6.937848468198541674e-02,4.508701272574785479e-01

1.711031995027850389e+09,6.937990416776267100e-02,4.508793545703420613e-01,6.937990416776267100e-02,4.508793545703420613e-01

1.711031997031822920e+09,6.938131244576502266e-02,4.508885090274062923e-01,6.938131244576502266e-02,4.508885090274062923e-01

1.711031999036118269e+09,6.938272070198232833e-02,4.508976633427694281e-01,6.938272070198232833e-02,4.508976633427694281e-01

1.711032001041045189e+09,6.938412964965252894e-02,4.509068221528076403e-01,6.938412964965252894e-02,4.509068221528076403e-01

1.711032003044365168e+09,6.938553753066030449e-02,4.509159740289598317e-01,6.938553753066030449e-02,4.509159740289598317e-01

1.711032005048596621e+09,6.938694591061715655e-02,4.509251291484228652e-01,6.938694591061715655e-02,4.509251291484228652e-01

1.711032007051848173e+09,6.938835368746550103e-02,4.509342803473145311e-01,6.938835368746550103e-02,4.509342803473145311e-01

1.711032009056018353e+09,6.938976196396520746e-02,4.509434347940824983e-01,6.938976196396520746e-02,4.509434347940824983e-01

1.711032011061069965e+09,6.939117027565883111e-02,4.509525894695389781e-01,6.939117027565883111e-02,4.509525894695389781e-01

1.711032013063820124e+09,6.939257845452005691e-02,4.509617432814354010e-01,6.939257845452005691e-02,4.509617432814354010e-01

1.711032015067803621e+09,6.939398671201041369e-02,4.509708976043696471e-01,6.939398671201041369e-02,4.509708976043696471e-01

1.711032017071860552e+09,6.939539494561092203e-02,4.509800517719206869e-01,6.939539494561092203e-02,4.509800517719206869e-01

1.711032019075871229e+09,6.939680321932042983e-02,4.509892062001107926e-01,6.939680321932042983e-02,4.509892062001107926e-01

1.711032021081252813e+09,6.939821152601723109e-02,4.509983608426452739e-01,6.939821152601723109e-02,4.509983608426452739e-01

1.711032023086085081e+09,6.939962124302177793e-02,4.510075246527417980e-01,6.939962124302177793e-02,4.510075246527417980e-01

1.711032025090844393e+09,6.940103004634377848e-02,4.510166825233925536e-01,6.940103004634377848e-02,4.510166825233925536e-01

1.711032027094787598e+09,6.940243783095384478e-02,4.510258337718581201e-01,6.940243783095384478e-02,4.510258337718581201e-01

1.711032029099628210e+09,6.940384703269331101e-02,4.510349942322301464e-01,6.940384703269331101e-02,4.510349942322301464e-01

1.711032031103837252e+09,6.940525554033867561e-02,4.510441501805820819e-01,6.940525554033867561e-02,4.510441501805820819e-01

1.711032033107866526e+09,6.940666379487450688e-02,4.510533044835174921e-01,6.940666379487450688e-02,4.510533044835174921e-01

1.711032035113083601e+09,6.940807208881732970e-02,4.510624590425282854e-01,6.940807208881732970e-02,4.510624590425282854e-01

1.711032037117555141e+09,6.940948038685695876e-02,4.510716136280821242e-01,6.940948038685695876e-02,4.510716136280821242e-01

1.711032039122643471e+09,6.941089033987145329e-02,4.510807789716463345e-01,6.941089033987145329e-02,4.510807789716463345e-01

1.711032041134561539e+09,6.941229928239998903e-02,4.510899377464985816e-01,6.941229928239998903e-02,4.510899377464985816e-01

1.711032043139415503e+09,6.941371310441771247e-02,4.510991282401873304e-01,6.941371310441771247e-02,4.510991282401873304e-01

1.711032045143931627e+09,6.941512173563672838e-02,4.511082849912078085e-01,6.941512173563672838e-02,4.511082849912078085e-01

1.711032047147965193e+09,6.941652998945596620e-02,4.511174392888677165e-01,6.941652998945596620e-02,4.511174392888677165e-01

1.711032049153939962e+09,6.941793883120361830e-02,4.511265974082446228e-01,6.941793883120361830e-02,4.511265974082446228e-01

1.711032051157792568e+09,6.941934774977510936e-02,4.511357560269240730e-01,6.941934774977510936e-02,4.511357560269240730e-01

1.711032053162480831e+09,6.942075659379723374e-02,4.511449141609094604e-01,6.942075659379723374e-02,4.511449141609094604e-01

1.711032055167185545e+09,6.942216533578289550e-02,4.511540716315232680e-01,6.942216533578289550e-02,4.511540716315232680e-01

1.711032057171885729e+09,6.942357406240386164e-02,4.511632290021711511e-01,6.942357406240386164e-02,4.511632290021711511e-01

1.711032059175844193e+09,6.942498231813151732e-02,4.511723833117077254e-01,6.942498231813151732e-02,4.511723833117077254e-01

1.711032061181190252e+09,6.942639058658237050e-02,4.511815377038628783e-01,6.942639058658237050e-02,4.511815377038628783e-01

1.711032063186981916e+09,6.942780031730473589e-02,4.511907016013669836e-01,6.942780031730473589e-02,4.511907016013669836e-01

1.711032065192985296e+09,6.942920985901644693e-02,4.511998642701264828e-01,6.942920985901644693e-02,4.511998642701264828e-01

1.711032067195943832e+09,6.943061812160103430e-02,4.512090186238837952e-01,6.943061812160103430e-02,4.512090186238837952e-01

1.711032069200177670e+09,6.943202637674518451e-02,4.512181729291867560e-01,6.943202637674518451e-02,4.512181729291867560e-01

1.711032071204246998e+09,6.943343462254451814e-02,4.512273271736559344e-01,6.943343462254451814e-02,4.512273271736559344e-01

1.711032073208980083e+09,6.943484292380103229e-02,4.512364817785343152e-01,6.943484292380103229e-02,4.512364817785343152e-01

1.711032075212912083e+09,6.943625119765553522e-02,4.512456362051987524e-01,6.943625119765553522e-02,4.512456362051987524e-01

1.711032077217655897e+09,6.943766064437227603e-02,4.512547982559177440e-01,6.943766064437227603e-02,4.512547982559177440e-01

1.711032079223507881e+09,6.943906939749733276e-02,4.512639557978843641e-01,6.943906939749733276e-02,4.512639557978843641e-01

1.711032081228999138e+09,6.944047873263117787e-02,4.512731171230870419e-01,6.944047873263117787e-02,4.512731171230870419e-01

1.711032083231987953e+09,6.944188694803771211e-02,4.512822711694602362e-01,6.944188694803771211e-02,4.512822711694602362e-01

1.711032085236875772e+09,6.944329523374791202e-02,4.512914256727513784e-01,6.944329523374791202e-02,4.512914256727513784e-01

1.711032087239983082e+09,6.944470346045684972e-02,4.513005797924191653e-01,6.944470346045684972e-02,4.513005797924191653e-01

1.711032089245037317e+09,6.944611180311295595e-02,4.513097346657082842e-01,6.944611180311295595e-02,4.513097346657082842e-01

1.711032091250010252e+09,6.944752000451001606e-02,4.513188886206609962e-01,6.944752000451001606e-02,4.513188886206609962e-01

1.711032093257152081e+09,6.944893039776522947e-02,4.513280568236083812e-01,6.944893039776522947e-02,4.513280568236083812e-01

1.711032095261992455e+09,6.945033999540925485e-02,4.513372198546301561e-01,6.945033999540925485e-02,4.513372198546301561e-01

1.711032097267874479e+09,6.945174954037147685e-02,4.513463825431076049e-01,6.945174954037147685e-02,4.513463825431076049e-01

1.711032099287735462e+09,6.945315861223325116e-02,4.513555421561267766e-01,6.945315861223325116e-02,4.513555421561267766e-01

1.711032101292139530e+09,6.945457807827982999e-02,4.513647693360229307e-01,6.945457807827982999e-02,4.513647693360229307e-01

1.711032103295894623e+09,6.945598631890141650e-02,4.513739235454227727e-01,6.945598631890141650e-02,4.513739235454227727e-01

1.711032105318770647e+09,6.945739457074300016e-02,4.513830778276697875e-01,6.945739457074300016e-02,4.513830778276697875e-01

1.711032107324645281e+09,6.945881666267583743e-02,4.513923220767621647e-01,6.945881666267583743e-02,4.513923220767621647e-01

1.711032109328975201e+09,6.946022519706988863e-02,4.514014781955523747e-01,6.946022519706988863e-02,4.514014781955523747e-01

1.711032111331857681e+09,6.946163336861081727e-02,4.514106319555430402e-01,6.946163336861081727e-02,4.514106319555430402e-01

1.711032113337011814e+09,6.946304167736502833e-02,4.514197866073948462e-01,6.946304167736502833e-02,4.514197866073948462e-01

1.711032115340028524e+09,6.946444989893001132e-02,4.514289406923883141e-01,6.946444989893001132e-02,4.514289406923883141e-01

1.711032117343957663e+09,6.946585814585809482e-02,4.514380949421654687e-01,6.946585814585809482e-02,4.514380949421654687e-01

1.711032119347834587e+09,6.946726638634963258e-02,4.514472491500139961e-01,6.946726638634963258e-02,4.514472491500139961e-01

1.711032121390243769e+09,6.946867469995425537e-02,4.514564038330430296e-01,6.946867469995425537e-02,4.514564038330430296e-01

1.711032123395981312e+09,6.947011042019755889e-02,4.514657366716764431e-01,6.947011042019755889e-02,4.514657366716764431e-01

1.711032125401135206e+09,6.947151928539938015e-02,4.514748949401616307e-01,6.947151928539938015e-02,4.514748949401616307e-01

1.711032127406773329e+09,6.947292892631759531e-02,4.514840582510696865e-01,6.947292892631759531e-02,4.514840582510696865e-01

1.711032129412451982e+09,6.947433834171243272e-02,4.514932200958843289e-01,6.947433834171243272e-02,4.514932200958843289e-01

1.711032131416983843e+09,6.947574684141902268e-02,4.515023759882180743e-01,6.947574684141902268e-02,4.515023759882180743e-01

1.711032133420921087e+09,6.947715511138889688e-02,4.515115303870705921e-01,6.947715511138889688e-02,4.515115303870705921e-01

1.711032135425162077e+09,6.947856335736721234e-02,4.515206846298780996e-01,6.947856335736721234e-02,4.515206846298780996e-01

1.711032137430878162e+09,6.947997303411602987e-02,4.515298481732602509e-01,6.947997303411602987e-02,4.515298481732602509e-01

1.711032139436583519e+09,6.948138248955487706e-02,4.515390102779376358e-01,6.948138248955487706e-02,4.515390102779376358e-01

1.711032141440599918e+09,6.948279128851868325e-02,4.515481681151392035e-01,6.948279128851868325e-02,4.515481681151392035e-01

1.711032143443804264e+09,6.948419912825785916e-02,4.515573197168539776e-01,6.948419912825785916e-02,4.515573197168539776e-01

1.711032145447921991e+09,6.948560739100793915e-02,4.515664740682447942e-01,6.948560739100793915e-02,4.515664740682447942e-01

1.711032147452580929e+09,6.948701563337733589e-02,4.515756282870635463e-01,6.948701563337733589e-02,4.515756282870635463e-01

1.711032149456717968e+09,6.948842393622012281e-02,4.515847828988986956e-01,6.948842393622012281e-02,4.515847828988986956e-01

1.711032151459929228e+09,6.948983214826191801e-02,4.515939369203980092e-01,6.948983214826191801e-02,4.515939369203980092e-01

1.711032153464027405e+09,6.949124038506514223e-02,4.516030911027698047e-01,6.949124038506514223e-02,4.516030911027698047e-01

1.711032155469031334e+09,6.949264866889925951e-02,4.516122455907756184e-01,6.949264866889925951e-02,4.516122455907756184e-01

1.711032157472433329e+09,6.949405695893705326e-02,4.516214001190197447e-01,6.949405695893705326e-02,4.516214001190197447e-01

1.711032159477220297e+09,6.949546604104236969e-02,4.516305597959763274e-01,6.949546604104236969e-02,4.516305597959763274e-01

1.711032161482328892e+09,6.949687487073993863e-02,4.516397178320788464e-01,6.949687487073993863e-02,4.516397178320788464e-01

1.711032163487117290e+09,6.949828384948819604e-02,4.516488768369906204e-01,6.949828384948819604e-02,4.516488768369906204e-01

1.711032165491969109e+09,6.949969268828143365e-02,4.516580349320427623e-01,6.949969268828143365e-02,4.516580349320427623e-01

1.711032167495942593e+09,6.950110095446290770e-02,4.516671893047687902e-01,6.950110095446290770e-02,4.516671893047687902e-01

1.711032169499964714e+09,6.950250920718636927e-02,4.516763435899234236e-01,6.950250920718636927e-02,4.516763435899234236e-01

1.711032171504120111e+09,6.950391747885210914e-02,4.516854979981232421e-01,6.950391747885210914e-02,4.516854979981232421e-01

1.711032173507959843e+09,6.950532569994385956e-02,4.516946520774808849e-01,6.950532569994385956e-02,4.516946520774808849e-01

1.711032175512149334e+09,6.950673396676229632e-02,4.517038064539946607e-01,6.950673396676229632e-02,4.517038064539946607e-01

1.711032177515928984e+09,6.950814220186486703e-02,4.517129606242527573e-01,6.950814220186486703e-02,4.517129606242527573e-01

1.711032179520976543e+09,6.950955049523399598e-02,4.517221151731816153e-01,6.950955049523399598e-02,4.517221151731816153e-01

1.711032181526465178e+09,6.951095980978913569e-02,4.517312763601969428e-01,6.951095980978913569e-02,4.517312763601969428e-01

1.711032183532592058e+09,6.951236933990434519e-02,4.517404389483626881e-01,6.951236933990434519e-02,4.517404389483626881e-01

1.711032185535994768e+09,6.951377801552335867e-02,4.517495959818250695e-01,6.951377801552335867e-02,4.517495959818250695e-01

1.711032187541038752e+09,6.951518632517839080e-02,4.517587506362668592e-01,6.951518632517839080e-02,4.517587506362668592e-01

1.711032189544914246e+09,6.951659457071564241e-02,4.517679048738256764e-01,6.951659457071564241e-02,4.517679048738256764e-01

1.711032191549705982e+09,6.951800297985073762e-02,4.517770601747563286e-01,6.951800297985073762e-02,4.517770601747563286e-01

1.711032193555624723e+09,6.951941289168142579e-02,4.517862252438047399e-01,6.951941289168142579e-02,4.517862252438047399e-01

1.711032195560894012e+09,6.952082211734400552e-02,4.517953858523593436e-01,6.952082211734400552e-02,4.517953858523593436e-01

1.711032197565078020e+09,6.952223039040283936e-02,4.518045402684679468e-01,6.952223039040283936e-02,4.518045402684679468e-01

1.711032199567933321e+09,6.952363860135096774e-02,4.518136942807401413e-01,6.952363860135096774e-02,4.518136942807401413e-01

1.711032201572448730e+09,6.952504685812650742e-02,4.518228485908234449e-01,6.952504685812650742e-02,4.518228485908234449e-01

1.711032203577656269e+09,6.952645516263478154e-02,4.518320032111025619e-01,6.952645516263478154e-02,4.518320032111025619e-01

1.711032205584589481e+09,6.952786520768611256e-02,4.518411691456156176e-01,6.952786520768611256e-02,4.518411691456156176e-01

1.711032207588479996e+09,6.952927441509373918e-02,4.518503296349747900e-01,6.952927441509373918e-02,4.518503296349747900e-01

1.711032209592247486e+09,6.953068264291337175e-02,4.518594837564781086e-01,6.953068264291337175e-02,4.518594837564781086e-01

1.711032211595986128e+09,6.953209090452208696e-02,4.518686380975377448e-01,6.953209090452208696e-02,4.518686380975377448e-01

1.711032213600800753e+09,6.953349973038468190e-02,4.518777961064160409e-01,6.953349973038468190e-02,4.518777961064160409e-01

1.711032215604055882e+09,6.953490740642565004e-02,4.518869466408422797e-01,6.953490740642565004e-02,4.518869466408422797e-01

1.711032217609060287e+09,6.953631567139668956e-02,4.518961010034940329e-01,6.953631567139668956e-02,4.518961010034940329e-01

1.711032219613165617e+09,6.953772394909131516e-02,4.519052554487661966e-01,6.953772394909131516e-02,4.519052554487661966e-01

1.711032221619296312e+09,6.953913361883450051e-02,4.519144189428983549e-01,6.953913361883450051e-02,4.519144189428983549e-01

1.711032223625279188e+09,6.954054325194736208e-02,4.519235821988287216e-01,6.954054325194736208e-02,4.519235821988287216e-01

1.711032225631533861e+09,6.954195303892568569e-02,4.519327464548659745e-01,6.954195303892568569e-02,4.519327464548659745e-01

1.711032227636929512e+09,6.954336256246139436e-02,4.519419089983182647e-01,6.954336256246139436e-02,4.519419089983182647e-01

1.711032229641585350e+09,6.954477188986692149e-02,4.519510702667466906e-01,6.954477188986692149e-02,4.519510702667466906e-01

1.711032231647411823e+09,6.954618075841687008e-02,4.519602285523168228e-01,6.954618075841687008e-02,4.519602285523168228e-01

1.711032233653105497e+09,6.954759011809022451e-02,4.519693900303238809e-01,6.954759011809022451e-02,4.519693900303238809e-01

1.711032235657030344e+09,6.954899841391168347e-02,4.519785445927220757e-01,6.954899841391168347e-02,4.519785445927220757e-01

1.711032237660026550e+09,6.955040657539551807e-02,4.519876982817768174e-01,6.955040657539551807e-02,4.519876982817768174e-01

1.711032239664095163e+09,6.955181483266353881e-02,4.519968525933837356e-01,6.955181483266353881e-02,4.519968525933837356e-01

1.711032241669142008e+09,6.955322325613629009e-02,4.520060079853085999e-01,6.955322325613629009e-02,4.520060079853085999e-01

1.711032243672195673e+09,6.955463148377850902e-02,4.520151621041575418e-01,6.955463148377850902e-02,4.520151621041575418e-01

1.711032245676009893e+09,6.955603957086396727e-02,4.520243153092360910e-01,6.955603957086396727e-02,4.520243153092360910e-01

1.711032247680097580e+09,6.955744784883249876e-02,4.520334697550528191e-01,6.955744784883249876e-02,4.520334697550528191e-01

1.711032249684215546e+09,6.955885610030047850e-02,4.520426240285154162e-01,6.955885610030047850e-02,4.520426240285154162e-01

1.711032251688585281e+09,6.956026474378233793e-02,4.520517808501577361e-01,6.956026474378233793e-02,4.520517808501577361e-01

1.711032253691832542e+09,6.956167257560248729e-02,4.520609323955425141e-01,6.956167257560248729e-02,4.520609323955425141e-01

1.711032255709278345e+09,6.956308083745474380e-02,4.520700867362429376e-01,6.956308083745474380e-02,4.520700867362429376e-01

1.711032257714318514e+09,6.956449911880661918e-02,4.520793062081454594e-01,6.956449911880661918e-02,4.520793062081454594e-01

1.711032259719603062e+09,6.956590798702798339e-02,4.520884644903426786e-01,6.956590798702798339e-02,4.520884644903426786e-01

1.711032261725375175e+09,6.956731686516390289e-02,4.520976228369006367e-01,6.956731686516390289e-02,4.520976228369006367e-01

1.711032263731568336e+09,6.956872619520027001e-02,4.521067841209280846e-01,6.956872619520027001e-02,4.521067841209280846e-01

1.711032265735922337e+09,6.957013612660607749e-02,4.521159493140408658e-01,6.957013612660607749e-02,4.521159493140408658e-01

1.711032267740071058e+09,6.957154437501825162e-02,4.521251035668440998e-01,6.957154437501825162e-02,4.521251035668440998e-01

1.711032269744434595e+09,6.957295266213561757e-02,4.521342580711600889e-01,6.957295266213561757e-02,4.521342580711600889e-01

1.711032271749241352e+09,6.957436093368837837e-02,4.521434124742110261e-01,6.957436093368837837e-02,4.521434124742110261e-01

1.711032273754437685e+09,6.957577005127750513e-02,4.521525723767932381e-01,6.957577005127750513e-02,4.521525723767932381e-01
